DRIVER
  os.environ['SMA_TSO_COSMOS_ELEMAT'] = '1'
  driver.registerSaveRule( UpdateRules.COPY, CheckPoints.ITER_COMPLETE, EventTimes.LAST, [ '*.ste*' ], 'SAVE.ste', '' )
  driver.registerSaveRule( UpdateRules.COPY, CheckPoints.ITER_COMPLETE, EventTimes.LAST, [ '*.lcd*' ], 'SAVE.ste', '' )
  driver.registerSaveRule( UpdateRules.COPY, CheckPoints.ITER_COMPLETE, EventTimes.LAST, [ '*.lcm*' ], 'SAVE.ste', '' )
END_

FEM_INPUT
  ID_NAME = Baryton_Assembly-Topology_Study_1_1
  FILE = Baryton Assembly-Topology Study 1.NOD
END_

*SET_DB,rint,130,1

GROUP_DEF
  ID_NAME = FROZEN_AREA_ELEMS_GRP_1
  TYPE=ELEM
  FORMAT=LIST
  LIST_BEGIN
15,23,26,30,31,135,256,262,267,271,277,281,287,293,308,314,343,345,350,351,355,359,366,566,
567,571,572,574,580,616,624,629,673,755,850,858,867,870,871,878,888,893,907,913,914,940,956,
957,960,969,1290,1299,1302,1304,1313,1336,1365,1372,1373,1375,1380,1385,1386,1387,1400,1410,
1411,1569,1791,1792,1802,1815,1839,1849,1850,1857,1858,1892,1917,1921,1923,1930,1937,1940,
1945,1957,1963,2003,2007,2385,2390,2392,2411,2413,2416,2418,2430,2432,2433,2439,2442,2447,
2449,2450,2498,2500,2503,2510,2513,2516,2518,2535,2537,2543,2547,2557,2559,2571,2942,3088,
3097,3100,3120,3128,3130,3149,3151,3153,3166,3173,3180,3189,3192,3228,3230,3255,3264,3279,
3280,3290,3293,3294,3299,3301,3306,3316,3319,3326,3333,3347,3351,3362,3367,3368,3560,3609,
3693,3824,3898,3949,3951,3967,3971,3974,3982,3991,3992,4007,4014,4017,4025,4030,4031,4033,
4037,4041,4043,4044,4046,4051,4052,4055,4062,4115,4122,4123,4128,4143,4145,4146,4147,4160,
4163,4165,4166,4167,4169,4175,4185,4189,4191,4202,4205,4207,4211,4213,4217,4227,4228,4232,
4240,4244,4248,4249,4255,4878,5127,5131,5134,5142,5156,5165,5166,5167,5179,5189,5194,5199,
5207,5216,5221,5229,5239,5247,5253,5255,5259,5262,5267,5268,5285,5300,5310,5315,5324,5335,
5338,5340,5349,5357,5365,5379,5404,5408,5411,5423,5467,5468,5700,5758,5926,6380,6404,6414,
6441,6448,6454,6458,6463,6467,6477,6478,6494,6497,6500,6514,6528,6530,6532,6540,6541,6544,
6545,6548,6549,6555,6556,6558,6560,6562,6614,6642,6645,6651,6661,6673,6676,6679,6686,6687,
6692,6706,6707,6713,6730,6732,6742,6746,6756,6757,6760,6767,6770,6773,6775,6778,6779,6789,
6790,6794,6796,8029,8033,8041,8045,8047,8049,8055,8064,8067,8070,8074,8077,8079,8081,8087,
8091,8092,8105,8112,8118,8131,8132,8138,8139,8140,8145,8146,8151,8153,8158,8163,8164,8239,
8240,8242,8270,8276,8285,8294,8306,8319,8339,8340,8368,8370,8374,8377,8381,8384,8387,8394,
8414,8416,8419,9152,9185,9191,9835,9836,9840,9843,9844,9846,9847,9851,9853,9868,9893,9900,
9906,9918,9923,9930,9934,9936,9940,9945,9948,9952,9960,9971,9974,9979,9981,9985,9996,9997,
10006,10008,10010,10016,10018,10019,10020,10124,10139,10149,10150,10165,10168,10174,10177,
10190,10192,10202,10206,10221,10224,10234,10252,10257,10260,10266,10279,10284,10286,10300,
10310,10318,10324,10333,10338,10340,10342,10349,10350,10352,10354,10361,10463,10633,10635,
11001,12034,12060,12067,12072,12078,12079,12088,12089,12096,12099,12100,12106,12111,12114,
12118,12120,12132,12136,12146,12152,12169,12170,12194,12233,12257,12308,12339,12530,12533,
12585,12619,12663,12730,12732,12754,12761,12803,12814,12819,12821,12884,12984,13084,13085,
13090,13146,13193,13210,13256,13269,13271,13272,13279,13301,13322,13337,13350,13362,13377,
13383,13384,13391,13413,13425,13426,13430,13438,13441,13480,13515,13519,13542,13564,13568,
13571,13610,13622,13626,13627,13654,13658,13661,13662,13668,13679,13681,13689,13695,13698,
13701,13708,13709,13722,13723,13725,13726,13738,13756,13760,13765,13777,13784,13788,13799,
13802,13809,13818,13821,13826,13842,13864,13901,13903,13911,13913,13924,13944,13948,13959,
13961,13977,13980,13991,13993,13998,14009,14081,14228,14432,14508,14567,14573,14574,14607,
14613,14624,14628,14735,14739,14873,15138,15150,15179,15234,15260,15465,15472,15616,15635,
15646,15697,15715,15747,15776,15785,15789,15799,15804,15809,15810,15817,15833,15851,15852,
15918,15925,15937,15955,16004,16006,16031,16067,16074,16087,16088,16095,16098,16103,16117,
16153,16197,16352,16386,16394,16460,16494,16529,16583,16635,16676,16828,16917,17241,17366,
17442,17454,17456,17577,17627,17682,17703,17832,17897,17925,18269,18506,18812,18816,18829,
18886,18910,18929,18946,18952,18953,18975,19046,19056,19095,19113,19140,19150,19164,19165,
19179,19205,19213,19237,19243,19250,19260,19297,19317,19359,19363,19375,19392,19407,19421,
19426,19431,19460,19461,19480,19486,19490,19504,19514,19517,19518,19527,19532,19534,19544,
19554,19565,19575,19576,19580,19586,19590,19599,19600,19638,19646,19656,19658,19672,19681,
19701,19708,19721,19737,19748,19756,19757,19758,19759,19763,19765,19767,19772,19789,19796,
19803,19815,19822,19827,19844,19859,19861,19866,19867,19872,19873,19879,19895,19896,19900,
19908,19920,19949,19957,19966,19971,19976,19979,19983,19987,19993,19995,19999,20003,20009,
20010,20032,20033,20041,20051,20059,20066,20069,20086,20091,20093,20095,20117,20121,20124,
20138,20141,20143,20151,20162,20175,20178,20180,20188,20189,20190,20192,20194,20206,20226,
20235,20238,20247,20252,20259,20269,20283,20288,20304,20311,20323,20333,20337,20338,20339,
20341,20342,20344,20346,20360,20373,20383,20387,20398,20407,20417,20434,20443,20458,20462,
20465,20468,20475,20476,20482,20487,20488,20491,20499,20507,20508,20514,20536,20538,20560,
20561,20565,20570,20572,20573,20579,20587,20597,20599,20601,20623,20643,20645,20646,20658,
20664,20666,20683,20686,20702,20706,20722,20747,20767,20776,20789,20793,20794,20824,20834,
20846,20879,20889,20890,20921,20980,20991,21018,21028,21033,21047,21056,21062,21076,21145,
21165,21186,21218,21221,21282,21285,21307,21312,21315,21343,21349,21432,21440,21484,21500,
21534,21652,21670,21676,21688,21693,21694,21695,21698,21707,21722,21732,21733,21734,21751,
21752,21766,21789,21800,21801,21805,21808,21818,21819,21824,21827,21830,21837,21842,21857,
21873,21888,21889,21896,21915,21918,21926,21947,21954,21958,21964,21976,21989,21995,21996,
22005,22014,22016,22022,22027,22046,22056,22068,22069,22088,22098,22117,22132,22135,22143,
22144,22151,22157,22158,22159,22183,22185,22218,22232,22234,22235,22240,22242,22258,22266,
22280,22282,22296,22297,22303,22316,22320,22321,22322,22341,22347,22359,22365,22374,22381,
22398,22404,22406,22414,22417,22436,22440,22446,22456,22464,22472,22477,22481,22482,22484,
22487,22491,22492,22501,22518,22523,22527,22537,22541,22549,22550,22552,22562,22574,22577,
22582,22583,22588,22600,22601,22611,22612,22623,22625,22634,22642,22654,22655,22668,22669,
22675,22677,22678,22691,22693,22694,22702,22706,22707,22710,22713,22714,22716,22717,22719,
22735,22762,22764,22766,22779,22783,22789,22811,22827,22835,22838,22840,22855,22857,22858,
22870,22879,22882,22884,22885,22914,22929,22931,22946,22949,22958,22971,22973,22989,22990,
22993,22998,23004,23013,23016,23031,23036,23038,23052,23053,23056,23066,23068,23073,23079,
23080,23092,23095,23097,23100,23108,23113,23118,23126,23133,23140,23141,23143,23144,23149,
23162,23166,23172,23173,23176,23183,23184,23191,23196,23210,23211,23215,23216,23222,23231,
23237,23243,23265,23266,23274,23276,23301,23303,23306,23317,23321,23325,23327,23329,23371,
23373,23392,23403,23411,23414,23418,23484,23485,23493,23513,23522,23544,23570,23609,23621,
23627,23660,23703,23741,25360,26359,26367,26374,26646,26712,27176,27291,27702,28129,28165,
28333,28434,28518,28535,28544,28618,28619,28894,29121,29154,29368,29478,29961,29971,30223,
31349,31411,31510,31512,31516,31605,31999,32045,32128,32439,32490,32608,32783,32824,32918,
32999,33176,33599,33625,34070,34080,34099,34132,34140,34153,34157,34174,34175,34191,34195,
34218,34223,34224,34265,34266,34275,34316,34342,34344,34345,34350,34372,34373,34377,34379,
34386,34411,34419,34423,34424,34436,34456,34457,34458,34469,34476,34485,34489,34490,34492,
34500,34505,34520,34522,34541,34545,34550,34561,34570,34573,34577,34578,34581,34587,34618,
34621,34687,34692,34710,34733,34741,34744,34755,34763,34767,34768,34776,34777,34805,34806,
34822,34823,34824,34835,34837,34839,34844,34853,34854,34865,34870,34873,34880,34894,34906,
34927,34968,34974,34982,34990,34995,34997,34998,35011,35013,35015,35024,35028,35032,35038,
35039,35044,35053,35064,35072,35093,35098,35105,35106,35125,35130,35136,35137,35139,35142,
35149,35150,35151,35155,35161,35177,35187,35193,35194,35201,35211,35215,35223,35233,35236,
35240,35243,35253,35257,35259,35273,35276,35278,35285,35290,35294,35299,35305,35316,35318,
35326,35327,35332,35352,35354,35361,35363,35364,35371,35381,35386,35388,35395,35402,35403,
35404,35405,35449,35450,35452,35456,35469,35470,35482,35484,35487,35488,35513,35515,35520,
35522,35523,35537,35539,35545,35549,35584,35586,35601,35626,35648,35681,35717,35726,35759,
35827,35887,35901,35906,35995,36026,36030,36083,36138,36164,36166,36169,36173,36177,36185,
36187,36188,36198,36200,36201,36209,36211,36213,36218,36219,36223,36227,36231,36234,36235,
36236,36238,36241,36242,36245,36255,36268,36271,36275,36281,36290,36291,36294,36295,36297,
36299,36305,36310,36314,36317,36318,36324,36327,36330,36331,36335,36344,36358,36375,36379,
36385,36393,36401,36402,36413,36419,36433,36437,36454,36455,36457,36459,36460,36462,36484,
36496,36504,36513,36514,36523,36526,36534,36536,36544,36550,36563,36577,36583,36597,36598,
36600,36608,36611,36628,36629,36637,36645,36657,36660,36665,36671,36672,36674,36677,36700,
36735,36746,36758,36762,36768,36773,36776,36778,36787,36789,36801,36827,36835,36854,36867,
36872,36875,36876,36879,36881,36897,36916,36929,36931,36944,36947,36957,36963,36972,36985,
36986,37012,37062,37065,37067,37082,37090,37101,37102,37111,37121,37142,37143,37145,37149,
37159,37160,37165,37186,37197,37202,37203,37205,37215,37216,37218,37238,37242,37243,37244,
37256,37258,37263,37266,37269,37270,37279,37281,37284,37285,37286,37287,37301,37302,37308,
37309,37313,37314,37316,37319,37323,37324,37330,37331,37338,37340,37343,37350,37353,37355,
37371,37380,37421,37451,37479,37570,37622,37687,37699,37700,38651,38883,39413,39916,39919,
40075,40323,41360,41389,41393,41428,41454,41488,41754,41773,41777,41991,42624,42731,43738,
43754,43781,43784,44161,44171,44675,45752,45754,45770,45869,45893,45925,45992,45994,46014,
46025,46029,46045,46047,46051,46063,46064,46067,46085,46086,46103,46133,46136,46141,46157,
46172,46188,46189,46206,46225,46228,46243,46244,46248,46254,46257,46264,46267,46268,46280,
46287,46288,46301,46302,46306,46309,46310,46311,46320,46324,46336,46346,46354,46358,46371,
46374,46375,46376,46377,46380,46399,46403,46408,46429,46432,46435,46445,46447,46452,46471,
46475,46487,46491,46509,46521,46536,46538,46548,46550,46574,46587,46592,46593,46603,46606,
46612,46625,46629,46631,46632,46642,46645,46650,46651,46673,46684,46688,46690,46692,46695,
46705,46711,46719,46735,46736,46752,46760,46762,46768,46772,46776,46784,46786,46788,46797,
46803,46804,46814,46861,46869,46876,46978,46983,46992,46994,46995,46998,47018,47052,47097,
47107,47115,47116,47145,47165,47177,47229,47295,47334,47370,47371,47491,47495,47496,47505,
47506,47511,47516,47527,47528,47530,47531,47547,47550,47560,47562,47575,47576,47579,47580,
47582,47585,47588,47590,47592,47597,47603,47605,47609,47614,47620,47642,47643,47651,47661,
47668,47669,47677,47690,47707,47711,47715,47726,47728,47736,47742,47743,47747,47754,47756,
47761,47769,47776,47790,47791,47799,47806,47819,47821,47828,47855,47870,47875,47876,47882,
47887,47896,47911,47921,47923,47956,47965,47969,47971,47973,47976,47978,47994,48007,48010,
48012,48015,48029,48037,48046,48049,48050,48058,48061,48070,48072,48076,48077,48090,48091,
48093,48104,48107,48110,48116,48117,48123,48129,48147,48153,48159,48172,48174,48191,48194,
48200,48201,48204,48208,48212,48215,48216,48222,48229,48230,48237,48244,48246,48252,48256,
48257,48258,48259,48263,48268,48277,48282,48289,48293,48296,48302,48309,48310,48315,48326,
48329,48334,48338,48342,48343,48344,48354,48356,48359,48362,48380,48381,48388,48408,48420,
48475,48498,48545,48558,48671,50066,50114,50151,50334,50432,50537,50633,50958,51444,51464,
51466,51815,52113,52809,53067,53417,53424,53469,53797,53799,54502,54678,54702,54990,55000,
55001,55020,55039,55040,55139,55152,55178,55179,55185,55191,55229,55239,55241,55251,55253,
55280,55286,55290,55293,55301,55302,55315,55320,55327,55347,55356,55358,55362,55383,55391,
55394,55401,55408,55426,55428,55432,55437,55438,55442,55443,55448,55455,55468,55470,55472,
55473,55481,55497,55516,55518,55537,55544,55550,55557,55559,55592,55599,55614,55615,55624,
55630,55637,55643,55658,55661,55668,55693,55707,55714,55721,55723,55731,55735,55742,55744,
55745,55746,55749,55762,55772,55777,55779,55780,55782,55791,55799,55807,55811,55827,55828,
55833,55840,55849,55850,55851,55855,55861,55872,55887,55889,55916,55954,55956,55957,55960,
55968,55977,55980,56020,56038,56045,56101,56196,56202,56337,56338,56340,56342,56343,56344,
56345,56347,56349,56352,56359,56360,56365,56368,56372,56378,56379,56380,56382,56383,56384,
56389,56396,56397,56399,56407,56410,56414,56416,56421,56422,56431,56432,56451,56452,56457,
56467,56481,56482,56490,56491,56518,56525,56535,56538,56542,56548,56552,56555,56563,56565,
56591,56593,56597,56612,56621,56641,56642,56646,56664,56665,56671,56680,56686,56698,56714,
56725,56733,56735,56748,56750,56757,56773,56780,56781,56791,56792,56809,56815,56821,56822,
56828,56846,56851,56870,56879,56880,56881,56888,56894,56895,56904,56905,56909,56912,56915,
56916,56921,56923,56936,56939,56946,56947,56957,56962,56964,56967,56970,56979,56981,56987,
56992,56994,57012,57036,57039,57042,57126,57136,57146,57149,57168,57275,57298,58183,58560,
58633,59319,59320,59390,59440,59447,59448,59458,59459,59466,59469,59518,59531,59532,59577,
59615,59701,59738,59832,59977,60300,60886,60961,61024,61036,61072,61100,61104,61149,61190,
61218,61221,61224,61298,61966,62128,62467,62469,62536,62544,62550,62586,62588,62589,62599,
62604,62619,62621,62622,62627,62633,62654,62661,62671,62675,62676,62687,62692,62704,62705,
62724,62729,62731,62745,62753,62755,62756,62771,62779,62789,62802,62846,62859,62863,62865,
62874,62898,62902,62908,62909,62910,62915,62916,62917,62921,62923,62930,62931,62939,62941,
62944,62945,62959,62965,62978,62980,62983,63003,63008,63012,63038,63049,63050,63054,63079,
63094,63112,63113,63118,63139,63140,63141,63142,63150,63157,63164,63167,63180,63185,63196,
63203,63293,63299,63318,63365,63368,63432,63437,63467,63577,63583,63586,63596,63597,63598,
63601,63605,63608,63609,63610,63614,63618,63622,63625,63627,63640,63643,63644,63646,63647,
63651,63661,63662,63665,63668,63679,63680,63685,63690,63692,63703,63710,63711,63719,63724,
63725,63734,63736,63741,63755,63760,63763,63773,63778,63780,63785,63786,63791,63793,63808,
63809,63816,63830,63846,63854,63857,63865,63867,63869,63880,63894,63898,63907,63910,63916,
63929,63943,63956,63964,63967,63970,63971,63973,63975,63976,63984,63992,63993,63997,64004,
64012,64035,64039,64043,64049,64050,64061,64069,64083,64089,64101,64107,64109,64110,64126,
64132,64140,64141,64155,64162,64166,64168,64175,64186,64190,64192,64210,64217,64221,64222,
64224,64228,64234,64235,64236,64238,64245,64247,64256,64257,64270,64275,64282,64360,64371,
64406,64442,64457,64502,64533,64577,64652,64654,64701,64702,64725,64731,64734,64749,64752,
64898,64906,64986,65066,65088,65103,65485,65551,65581,65687,65754,66310,66311,66312,66352,
66477,66573,66953,67578,67678,67739,67769,67771,67788,67825,67919,67934,68212,68970,68972,
68974,68978,68979,68998,69005,69006,69013,69019,69049,69066,69072,69093,69100,69101,69104,
69122,69134,69137,69138,69149,69152,69171,69198,69200,69224,69229,69231,69232,69233,69237,
69262,69287,69294,69303,69313,69322,69331,69348,69353,69357,69363,69367,69371,69386,69388,
69400,69404,69415,69417,69425,69441,69445,69447,69468,69479,69482,69489,69490,69502,69507,
69512,69514,69526,69530,69534,69544,69549,69551,69553,69559,69563,69565,69566,69570,69595,
69603,69619,69626,69642,69689,69731,69732,69770,69773,69854,69908,69925,69963,70051,70056,
70059,70065,70067,70068,70070,70075,70082,70089,70096,70101,70102,70103,70105,70107,70109,
70124,70135,70137,70141,70145,70156,70161,70164,70170,70173,70174,70181,70186,70199,70206,
70214,70219,70223,70229,70245,70249,70254,70258,70262,70265,70270,70275,70277,70283,70284,
70307,70323,70325,70326,70340,70349,70353,70354,70358,70367,70368,70372,70378,70380,70389,
70391,70395,70397,70399,70401,70402,70407,70417,70423,70425,70448,70460,70466,70469,70474,
70487,70488,70492,70496,70499,70508,70509,70510,70515,70523,70528,70537,70554,70558,70564,
70565,70570,70576,70579,70584,70585,70605,70607,70609,70616,70619,70620,70634,70636,70639,
70641,70648,70649,70657,70674,70685,70734,70741,70742,70817,70869,70871,70873,70919,70933,
70935,70951,71061,71655,71933,71963,71991,72062,72224,72292,72298,72492,72511,72669,72877,
73300,73480,73683,73699,73871,73907,73914,73936,73946,74013,74083,74536,74692,74942,74943,
74952,75009,75066,75078,75079,75083,75098,75101,75104,75106,75107,75109,75128,75130,75132,
75134,75143,75144,75145,75149,75150,75153,75158,75167,75195,75200,75222,75229,75237,75239,
75249,75267,75272,75275,75292,75300,75301,75304,75322,75327,75340,75343,75351,75358,75363,
75366,75372,75380,75385,75386,75406,75411,75418,75420,75423,75424,75426,75430,75439,75448,
75468,75473,75477,75489,75490,75495,75499,75504,75506,75511,75512,75514,75522,75529,75547,
75548,75555,75558,75563,75569,75576,75594,75595,75604,75659,75670,75693,75710,75856,75859,
75867,75875,75880,75881,75883,75889,75891,75899,75900,75904,75920,75927,75935,75937,75938,
75943,75950,75959,75972,75977,75996,76003,76007,76013,76014,76015,76017,76027,76037,76045,
76057,76073,76109,76114,76122,76124,76126,76128,76131,76143,76145,76151,76156,76159,76165,
76169,76170,76171,76178,76180,76183,76187,76194,76202,76207,76209,76210,76218,76230,76241,
76244,76255,76261,76265,76268,76269,76271,76272,76273,76276,76280,76295,76308,76309,76312,
76313,76318,76323,76324,76326,76333,76336,76346,76348,76417,76418,76426,76428,76438,76445,
76459,76519,76561,76567,76629,77386,77579,78210,78295,78732,78943,79217,79319,79401,79402,
80139,80277,80280,80351,80355,80356,80371,80391,80402,80424,80436,80437,80445,80449,80456,
80465,80467,80474,80475,80476,80489,80501,80503,80506,80510,80514,80517,80536,80537,80546,
80549,80557,80564,80565,80586,80588,80601,80602,80615,80625,80626,80632,80634,80647,80650,
80656,80665,80674,80677,80678,80696,80700,80707,80728,80736,80750,80755,80760,80761,80763,
80772,80773,80778,80825,80846,80918,80989,80992,80995,80999,81000,81002,81003,81009,81015,
81018,81025,81027,81037,81041,81052,81054,81066,81079,81080,81099,81112,81117,81124,81130,
81131,81140,81152,81161,81166,81189,81193,81197,81198,81199,81208,81211,81224,81237,81238,
81240,81241,81243,81264,81276,81284,81291,81296,81305,81308,81311,81321,81327,81333,81357,
81362,81363,81378,81380,81386,81388,81391,81395,81398,81405,81426,81427,81433,81438,81440,
81442,81446,81454,82309,82314,83227,83448,84685,84697,84700,84701,84702,84751,84796,84820,
84825,84828,84830,84839,84855,84856,84859,84894,84914,84917,84918,84927,84930,84939,84940,
84949,84952,84970,84976,84981,84987,84992,84993,85034,85044,85045,85047,85050,85059,85062,
85065,85067,85072,85085,85089,85094,85100,85102,85105,85121,85129,85132,85133,85138,85143,
85151,85152,85154,85162,85168,85176,85178,85198,85205,85213,85220,85227,85229,85231,85235,
85248,85308,85309,85326,85349,85406,85422,85424,85425,85435,85442,85466,85476,85482,85505,
85507,85510,85521,85541,85547,85553,85555,85558,85562,85566,85567,85582,85590,85592,85595,
85616,85617,85621,85622,85623,85628,85630,85633,85638,85640,85650,85652,85657,85660,85661,
85663,85676,85677,85695,85703,85711,85713,85724,85725,85729,85735,85741,85743,85747,85749,
85752,85753,85758,85760,85773,85777,85788,85791,85799,85842,85844,85847,87495,87857,87868,
88736,88744,88750,88753,88754,88763,88767,88776,88780,88785,88791,88792,88796,88803,88807,
88809,88815,88834,88838,88842,88844,88848,88850,88856,88858,88859,88860,88862,88870,88871,
88880,88881,88882,88883,88886,88891,88893,88905,88918,88932,88933,88936,88940,88943,88946,
88950,88956,88963,88965,88975,88977,88985,88989,88991,88994,89005,89013,89015,89018,89022,
89025,89029,89058,89070,89100,89106,89114,89223,89232,89235,89236,89237,89242,89245,89246,
89251,89252,89254,89255,89265,89267,89277,89280,89300,89317,89320,89325,89330,89340,89350,
89352,89355,89358,89361,89366,89370,89379,89386,89409,89411,89417,89418,89419,89434,89438,
89439,89443,89459,89477,89484,89486,89490,89498,89507,89510,89512,89514,89515,89589,89629,
90424,90529,90530,90702,90913,90945,91097,91197,91250,91570,91779,92008,92009,92061,92067,
92074,92083,92087,92102,92105,92108,92109,92114,92125,92138,92139,92141,92142,92154,92156,
92160,92161,92168,92170,92175,92177,92181,92183,92188,92208,92220,92221,92230,92232,92246,
92256,92262,92264,92278,92281,92284,92287,92321,92330,92333,92335,92343,92353,92363,92364,
92369,92453,92455,92496,92497,92498,92504,92505,92508,92516,92518,92523,92528,92543,92567,
92587,92588,92596,92605,92612,92622,92642,92644,92647,92658,92659,92672,92676,92683,92688,
92690,92693,92694,92717,92735,92741,92742,92745,92746,92751,92771,92847,93410,93432,94209,
95134,95135,95147,95153,95154,95156,95157,95160,95186,95194,95195,95206,95207,95215,95236,
95240,95257,95269,95283,95285,95290,95291,95299,95308,95325,95332,95335,95336,95342,95358,
95363,95364,95366,95370,95371,95390,95474,95478,95518,95568,95569,95571,95574,95580,95586,
95587,95590,95592,95595,95613,95626,95627,95641,95664,95691,95712,95714,95723,95724,95729,
95735,95753,95757,95765,95766,95768,95779,95784,97001,97145,97180,97181,97182,97183,97185,
97188,97192,97210,97214,97339,97505,97506,97507,97511,97513,97573,97577,97677,97682,97693,
97694,97695,97697,97700,97703,97704,97727,97734,97792,97824,97858,97894,97898,97933,98034,
98043,98049,98050,98060,98086,98087,98098,98232,98233,98236,98238,98409,98412,98413,98414,
98427,98681,98752,98755,98757,98758,98759,98762,98807,98808,98809,98810,98811,98813,98877,
98947,98950,98951,99008,99009,99023,99026,99055,99061,99154,99157,99160,99164,99215,99217,
99218,99219,99391,99393,99399,99422,99427,99428,99636,99641,99711,99712,99738,99741,99743,
99784,99786,99843,99846,99847,99851,99989,99993,100010,100015,100036,100159,100237,100240,
100259,100304,100306,100307,100310,100313,100474,100476,100584,100761,100948,101330,101331,
101335,101338,101339,101359,101419,101423,101731,101773,101774,101776,101777,101780,101904,
101907,101913,101943,101945,101948,101955,101956,101959,101960,101961,101965,101967,102111,
102114,102116,102117,102170,102173,102175,102176,102202,102205,102255,102258,102313,102532,
102640,102789,102922,103016,103195,103294,103295,103345,103402,103405,103581,103630,104157,
104163,104164,104267,104268,104343,104353,104357,104358,104531,104532,104538,104585,104586,
104591,104610,104612,105052,105165,105167,105194,105195,105230,105231,105403,105506,105770,
105855,106163,106166,106167,106484,106486,106565,106566,106696,106697,106698,106700,106711,
106714,106818,106820,107025,107026,107027,107165,107227,107228,107229,107234,107235,107247,
107488,107588,107591,107780,107980,108249,108414,108561,108563,108765,108778,108783,108824,
108825,109084,109258,109261,109264,109317,109324,109452,109554,109555,109613,109825,109826,
109827,110069,110070,110208,110209,110213,110565,110806,110810,110811,110866,110867,111291,
111714,111717,111767,111897,111934,111990,111991,112033,112034,112098,112150,112163,112232,
112240,112245,112247,112293,112536,112559,112563,112566,112567,112693,112901,112988,112993,
113196,113199,113599,113601,113869,113870,113876,113878,114148,114262,114265,114268,114278,
114556,114559,114561,114562,114620,114964,115045,115269,115270,115275,115277,115835,115839,
116290,116295,116297,116298,116334,116337,116481,116565,116783,116790,116792,116794,116798,
116801,116831,117108,117232,117235,117351,117447,117477,117566,117571,117572,117647,117650,
117734,117761,117764,117770,117775,117932,117934,117935,118018,118084,118085,118132,118135,
118344,118413,118416,118514,118530,118582,118584,118585,118586,118587,118780,118784,118788,
118840,118901,118904,118908,118912,118992,118994,118997,119113,119219,119257,119612,119763,
119887,119963,119968,120387,120392,120489,120889,120893,120894,121155,121328,121331,121460,
121463,121464,121468,121633,121649,121717,121722,121723,121755,121760,121767,121852,121924,
121928,122003,122179,122184,122381,122385,122907,122948,122964,123726,123912,124202,124279,
124293,124601,124606,124609,124613,124687,124688,124689,124698,124701,125102,125107,125763,
125821,125851,126224,126228,126376,126377,126379,126382,126741,126745,126923,127064,127109,
127449,127450,127451,127482,127614,127616,127647,127679,127683,127685,127833,127956,127958,
128124,128426,128686,128688,129037,129113,129468,129675,129676,129860,130219,130223,130383,
130413,130556,130576,130829,131112,131116,131248,131285,131317,131415,131657,131840,131843,
131845,132103,132332,132339,132367,132368,132729,132734,132880,132963,132965,132966,133115,
133160,133162,133358,133574,133578,133729,133968,134189,134590,134592,134613,135143,135324,
135513,135514,135545,135546,135684,135689,135780,135987,136504,136505,136558,136654,136718,
136721,136724,136885,136888,137058,137360,137531,137668,138113,138178,138396,138414,138417,
138458,138555,138698,138728,138857,139351,139559,139621,139848,139935,140087,140088,140548,
141266,141768,141770,141772,141773,141818,141821,141871,141876,141877,142085,142444,142860,
142888,142889,142894,143019,143031,143220,143224,143713,143714,143719,143869,144430,144434,
144529,144532,144682,144686,144932,144939,146193,146264,147058,147104,147255,147277,147684,
147823,147977,147978,148041,148526,148671,148898,148988,148993,149018,149084,149117,149223,
149771,150478,150482,151654,151714,151743,151747,151940,152091,152095,152171,152477,152631,
152636,152736,153004,153009,153081,153082,153100,153299,153300,154357,154864,155502,155611,
155833,155834,155836,156189,156726,156774,156778,157163,157399,157890,157892,158264,158918,
158919,158921,159348,159908,159910,159931,160692,160783,160788,160906,161154,161326,161486,
161815,161997,162378,162445,162449,162468,163259,163282,163658,163771,164241,164314,164416,
164417,164418,164899,164905,165170,165372,165378,165856,166095,166201,166290,166514,166517,
166654,166655,166689,166942,166954,167125,167316,167351,167474,167475,167706,168119,168121,
168256,168261,168521,168797,168844,168982,169316,169712,169935,170099,170104,170321,170379,
170738,170875,171364,171444,171541,172076,172379,172380,172923,173392,174218,174219,174314,
174621,174634,174640,174641,174709,174728,174897,174901,175296,175344,175389,175794,175795,
175864,175947,176217,176320,176385,176574,176597,176622,176681,176759,176922,177044,177189,
177234,177240,177394,177447,177462,177497,177530,177556,177687,177752,177756,177793,177843,
177848,177849,177991,178230,178304,178325,178350,178427,178475,178582,178990,178994,179060,
179352,179397,179527,179837,180241,180358,180359,180800,180967,181176,181275,181402,181590,
181744,182076,182124,182132,182147,182345,182582,182637,182663,182771,182772,182777,182779,
182908,182939,182949,196076,210847,230037,237986,241473,242053
END_

! ----------------------------------------------------------------
!
!
! Design Response: MinimizeMass_DResp
!
DRESP
  ID_NAME = MinimizeMass_DResp
  LIST = NO_LIST
  DEF_TYPE = SYSTEM
  EL_GROUP = ALL_ELEMENTS
  TYPE = WEIGHT
  GROUP_OPER = SUM
END_

! ----------------------------------------------------------------
!
! Design Response: Stress_DResp_1
!
DRESP
  ID_NAME = Stress_DResp_1
  LIST = NO_LIST
  DEF_TYPE = SYSTEM
  EL_GROUP = ALL_ELEMENTS
  TYPE = SIG_TOPO_MISES
  GROUP_OPER = MAX
  LC_SET = STATIC, 1, ALL, MAX
END_

! ----------------------------------------------------------------
!
!
! Design Area: Task1_DESIGN_AREA
!
DV_TOPO
  ID_NAME = Task1_DESIGN_AREA
  EL_GROUP = ALL_ELEMENTS
END_

! ----------------------------------------------------------------
!
! Objective Function: MinimizeMass_Obj_Func
!
OBJ_FUNC
  ID_NAME = MinimizeMass_Obj_Func
  DRESP = MinimizeMass_DResp, 1.0
  TARGET = MIN
END_

! ----------------------------------------------------------------
!
! Constraint: Stress_Constraint_1
!
CONSTRAINT
  ID_NAME = Stress_Constraint_1
  DRESP = Stress_DResp_1
  MAGNITUDE = ABS
  LE_VALUE = 20
END_

! ----------------------------------------------------------------
!
! Geometric Restriction: Thickness_ManufacConstraint_2
!
DVCON_TOPO
  ID_NAME = Thickness_ManufacConstraint_2
  EL_GROUP = ALL_ELEMENTS
  CHECK_TYPE = MIN_MEMBER
  THICKNESS = 0.00528985
END_

! ----------------------------------------------------------------
!
! Geometric Restriction: Frozen_ManufacConstraint_3
!
DVCON_TOPO
  ID_NAME = Frozen_ManufacConstraint_3
  EL_GROUP = FROZEN_AREA_ELEMS_GRP_1
  CHECK_TYPE = FROZEN
END_

! ----------------------------------------------------------------
!
!
! Optimize: OPTIMIZE_1_TOPOLOGY_OPTIMIZATION_CONTROLLER 
!
OPTIMIZE
  ID_NAME = OPTIMIZE_1_TOPOLOGY_OPTIMIZATION_SENSITIVITY
  DV = Task1_DESIGN_AREA
  OBJ_FUNC = MinimizeMass_Obj_Func
  DVCON = Thickness_ManufacConstraint_2
  DVCON = Frozen_ManufacConstraint_3
  CONSTRAINT = Stress_Constraint_1
  STRATEGY = TOPO_SENSITIVITY
END_

OPT_PARAM
  ID_NAME = OPTIMIZE_1_TOPOLOGY_OPTIMIZATION_SENSITIVITY_OPT_PARAM_
  OPTIMIZE = OPTIMIZE_1_TOPOLOGY_OPTIMIZATION_SENSITIVITY
  DV_UPDATE_STRATEGY = CSA
  STABILIZATION = YES
  AUTO_FROZEN = BOTH
  AUTO_FROZEN_CON = BOTH
  STOP_CRITERION_LEVEL = BOTH
  STOP_CRITERION_OBJ = 0.001
  STOP_CRITERION_DENSITY = 0.005
END_

STOP
  ID_NAME = Task-1_GLOBAL_STOP_CONDITION_
  ITER_MAX = 80
END_

