DRIVER
  os.environ['SMA_TSO_COSMOS_ELEMAT'] = '1'
  driver.registerSaveRule( UpdateRules.COPY, CheckPoints.ITER_COMPLETE, EventTimes.LAST, [ '*.ste*' ], 'SAVE.ste', '' )
  driver.registerSaveRule( UpdateRules.COPY, CheckPoints.ITER_COMPLETE, EventTimes.LAST, [ '*.lcd*' ], 'SAVE.ste', '' )
  driver.registerSaveRule( UpdateRules.COPY, CheckPoints.ITER_COMPLETE, EventTimes.LAST, [ '*.lcm*' ], 'SAVE.ste', '' )
END_

FEM_INPUT
  ID_NAME = 18C8D647-916B-4AA6-A94E-2238395B3EE3_1
  FILE = 18C8D647-916B-4AA6-A94E-2238395B3EE3.NOD
END_

*SET_DB,rint,130,1

GROUP_DEF
  ID_NAME = FROZEN_AREA_ELEMS_GRP_1
  TYPE=ELEM
  FORMAT=LIST
  LIST_BEGIN
662,809,813,960,1022,1117,1652,1793,2451,2538,3073,3310,4815,4816,5593,6515,6766,7451,8562,
9158,9281,9282,9789,11373,11581,12069,12365,12413,12501,12561,12635,12688,12750,12763,12781,
12784,12785,13055,13069,13229,13234,13298,13308,13364,13431,13446,13496,13546,13569,13578,
13608,13610,13625,13652,13748,13756,13851,13888,13981,14003,14009,14031,14035,14069,14081,
14085,14089,14091,14108,14122,14133,14147,14271,14281,14293,14312,14314,14379,14380,14381,
14384,14390,14395,14402,14405,14417,14423,14424,14428,14429,14432,14437,14442,14452,14497,
14503,15264,15269,15282,15293,15301,15338,15347,15348,15388,15413,15414,15415,15435,15484,
15611,15658,15684,15690,15703,16077,16087,16089,16113,16123,16131,16138,16145,16146,16154,
16160,16202,16292,16480,16532,16552,16592,16597,16598,16604,16801,17032,17213,17437,17536,
17545,17559,17569,17705,17751,17767,17782,17985,18039,18069,18098,18167,18175,18185,18230,
18297,18309,18329,18336,18366,18406,18433,18436,18485,18585,18592,18595,18616,18619,18621,
18627,18656,18762,18764,18777,18780,18807,18993,18999,19055,19223,19226,19246,19248,19249,
19323,19362,19375,19623,19626,19670,19782,20174,20192,20352,20360,20363,20369,20746,20766,
20770,20871,21059,21265,21268,21275,21285,21301,21368,21424,21512,21513,21569,21712,21795,
21821,21871,21889,21906,21915,21918,21919,21923,21928,21930,21933,21941,21942,21946,21947,
21953,21955,21960,21961,21963,21964,21971,21984,21988,21991,21999,22000,22007,22015,22024,
22039,22043,22055,22065,22066,22073,22074,22075,22079,22084,22095,22109,22111,22121,22122,
22123,22124,22126,22138,22155,22158,22171,22174,22175,22185,22188,22192,22204,22206,22212,
22213,22215,22216,22217,22225,22230,22234,22235,22236,22252,22254,22255,22257,22259,22262,
22270,22271,22273,22274,22281,22287,22288,22293,22295,22297,22300,22303,22312,22315,22317,
22344,22345,22568,22572,22652,22666,22827,22858,22863,22889,22891,23004,23095,23134,23224,
23258,23377,23390,23406,23475,23597,23642,23721,23806,23824,23826,23832,23837,23850,23851,
23857,23873,23874,23881,23886,23889,23892,23901,23902,23905,23913,23917,23920,23931,23947,
23955,23957,23959,23967,23990,23994,23996,23998,24000,24010,24012,24014,24015,24018,24019,
24021,24029,24032,24034,24036,24039,24041,24045,24046,24049,24053,24060,24061,24063,24064,
24065,24072,24081,24088,24093,24094,24097,24102,24110,24111,24122,24128,24129,24130,24144,
24211,24266,24270,24274,24320,24411,24412,24413,24416,24419,24433,24776,24822,24837,25977,
26384,26879,26947,26972,26975,26976,27084,27088,27089,27115,27328,27868,27869,27871,27875,
27879,27915,27920,27928,27935,27936,27944,27948,27966,27967,27977,28019,28021,28027,28038,
28056,28060,28084,28095,28109,28119,28121,28153,28160,28163,28175,28188,28193,28212,28215,
28217,28223,28227,28238,28240,28242,28250,28256,28261,28266,28270,28285,28288,28315,28327,
28331,28333,28337,28356,28367,28431,28443,28444,28446,28450,28465,28472,28480,28482,28506,
28514,28515,28521,28527,28529,28530,28550,28565,28582,28594,28600,28629,28657,28670,28671,
28675,28678,28687,28711,28741,28744,28767,28773,28775,28790,28794,28815,28817,28818,28845,
28853,28877,28878,28887,28889,28890,28893,28894,28896,28900,28925,28949,28950,28965,28970,
28983,28991,29003,29013,29040,29042,29048,29063,29068,29073,29091,29101,29160,29168,29173,
29177,29210,29213,29225,29227,29230,29231,29252,29276,29283,29290,29355,29395,29411,29542,
29543,29544,29563,29571,29786,29793,29794,29802,29811,29818,29823,29825,29828,29840,29901,
29903,29992,30111,30121,30148,30267,30521,30548,30551,30578,30729,30868,30869,31020,31048,
31059,31135,31157,31163,31238,31302,31346,31347,31450,31676,31678,31680,31685,31693,31695,
31701,31702,31805,31838,31848,31849,31867,31877,31890,31897,32034,32035,32095,32101,32199,
32239,32243,32281,32579,32585,32588,32679,32682,32696,33126,33220,33222,33434,33448,33519,
33729,33768,33774,33838,33903,34134,34142,34143,34155,34160,34163,34174,34182,34188,34196,
34199,34202,34211,34212,34213,34220,34233,34234,34236,34244,34247,34254,34256,34265,34269,
34273,34274,34275,34277,34286,34292,34293,34294,34301,34310,34313,34326,34327,34332,34336,
34337,34339,34341,34345,34347,34355,34366,34367,34371,34377,34398,34405,34417,34444,34489,
34490,34491,34493,34494,34495,34499,34502,34580,34649,34668,34669,34671,34731,34742,34822,
34933,34944,34998,35108,35121,35122,35192,35310,35354,35377,35461,35463,35466,35474,35503,
35514,35516,35525,35572,35578,35586,35592,35606,35611,35625,35665,35666,35680,35698,35699,
35705,35710,35723,35724,35738,35743,35747,35757,35758,35760,35764,35767,35770,35771,35776,
35779,35782,35789,35795,35797,35799,35801,35802,35804,35805,35807,35815,35817,35819,35820,
35821,35822,35824,35830,35847,35848,35852,35854,35855,35867,35872,35919,35966,35970,35974,
36074,36233,36477,36601,36677,37667,37857,37923,37925,37930,38140,38308,38631,38654,38688,
38691,38698,38701,38718,38732,38746,38747,38753,38754,38755,38758,38761,38773,38791,38809,
38817,38821,38824,38846,38847,38881,38884,38903,38917,38930,38956,38957,38966,38969,38972,
38979,38988,39005,39013,39016,39018,39043,39053,39057,39065,39083,39088,39097,39103,39104,
39114,39115,39129,39136,39153,39161,39167,39184,39207,39211,39218,39237,39241,39242,39243,
39247,39255,39274,39283,39287,39290,39296,39301,39309,39315,39318,39319,39322,39331,39333,
39340,39344,39363,39370,39374,39378,39388,39399,39438,39467,39473,39481,39482,39486,39487,
39502,39526,39557,39563,39565,39592,39627,39635,39643,39656,39665,39676,39679,39689,39698,
39703,39707,39709,39723,39728,39732,39751,39753,39757,39778,39781,39788,39804,39807,39816,
39829,39894,39914,39919,39932,40219,40264,40430,40439,40679,40686,40707,40915,40918,41248,
41271,41286,41528,41562,41629,41664,41727,41776,41801,41808,41908,41963,41964,41974,41979,
41995,42004,42041,42051,42054,42089,42090,42135,42199,42227,42413,42416,42417,42432,42456,
42482,42528,42533,42722,42725,42734,42836,42881,42927,42928,43043,43055,43056,43215,43248,
43249,43252,43325,43369,43374,43375,43376,43379,43474,43591,43696,43848,43869,43877,43882,
43889,43890,43891,43902,43903,43908,43921,43923,43925,43929,43931,43932,43934,43939,43940,
43948,43951,43955,43965,43972,43974,43976,43979,43981,43987,43988,43993,43994,44004,44008,
44016,44022,44026,44033,44034,44041,44043,44045,44046,44048,44050,44051,44056,44057,44060,
44065,44068,44071,44082,44083,44093,44096,44099,44100,44101,44102,44104,44121,44123,44177,
44182,44186,44203,44269,44272,44500,44510,44540,44572,44628,44647,44658,44780,44868,44872,
45052,45066,45067,45075,45085,45090,45109,45110,45113,45115,45121,45130,45139,45143,45144,
45146,45147,45150,45153,45160,45173,45174,45179,45182,45183,45188,45190,45192,45196,45207,
45212,45214,45215,45218,45221,45224,45226,45233,45242,45244,45256,45258,45260,45261,45262,
45266,45268,45273,45285,45286,45298,45300,45301,45307,45311,45318,45446,45450,45451,46742,
46767,46831,46833,46840,47222,47232,47235,47251,47252,47262,47264,47283,47289,47292,47293,
47297,47301,47313,47325,47331,47344,47349,47374,47381,47386,47387,47392,47402,47419,47430,
47438,47456,47467,47476,47477,47505,47514,47531,47536,47539,47542,47557,47564,47572,47573,
47576,47587,47602,47610,47613,47627,47645,47665,47669,47680,47688,47703,47715,47718,47721,
47743,47745,47751,47754,47765,47771,47777,47791,47799,47814,47816,47823,47838,47854,47860,
47875,47880,47893,47895,47898,47899,47902,47910,47911,47915,47924,47929,47936,47951,47969,
47975,47980,47985,47989,48018,48061,48063,48086,48087,48099,48103,48104,48120,48129,48131,
48212,48431,48476,48491,48508,48511,48512,48908,49061,49067,49072,49157,49255,49394,49411,
49477,49478,49532,49588,49666,49679,49781,49902,49963,50051,50053,50432,50434,50503,50534,
50598,50607,50628,50635,50642,50746,50822,50826,50829,50839,50857,50931,51035,51051,51114,
51137,51194,51210,51230,51288,51297,51413,51445,51446,51447,51448,51449,51455,51456,51458,
51460,51461,51470,51479,51480,51482,51483,51484,51492,51495,51496,51497,51501,51504,51510,
51515,51516,51522,51523,51533,51534,51538,51545,51547,51548,51562,51564,51569,51570,51571,
51579,51580,51581,51583,51585,51586,51587,51589,51596,51607,51608,51627,51633,51646,51668,
51826,51828,51830,51836,51979,51992,52028,52044,52061,52062,52077,52079,52329,52333,52371,
52375,52389,52475,52478,52479,52481,52489,52493,52494,52497,52503,52506,52507,52508,52517,
52528,52535,52546,52551,52555,52566,52567,52569,52571,52574,52575,52579,52581,52594,52597,
52603,52605,52607,52611,52612,52613,52617,52629,52632,52634,52636,52645,52646,52648,52768,
53843,54295,54310,54311,54318,54331,54334,54335,54337,54349,54350,54352,54358,54373,54374,
54376,54380,54394,54412,54413,54414,54416,54419,54422,54423,54429,54461,54475,54486,54491,
54493,54498,54508,54519,54524,54534,54536,54546,54566,54570,54581,54592,54622,54626,54629,
54641,54643,54645,54654,54678,54679,54688,54691,54708,54715,54716,54723,54738,54742,54748,
54750,54758,54759,54760,54761,54774,54779,54782,54784,54801,54808,54813,54817,54820,54825,
54826,54833,54839,54848,54864,54872,54874,54885,54892,54896,54925,54956,54957,54958,54977,
54986,54987,54992,55016,55022,55031,55035,55039,55061,55065,55070,55077,55089,55090,55091,
55096,55130,55131,55145,55156,55158,55169,55174,55176,55184,55186,55193,55202,55208,55213,
55215,55217,55221,55233,55235,55242,55292,55308,55340,55346,55354,55425,55464,55511,55760,
55802,56144,56260,56292,56414,56462,56469,56534,56603,56604,56607,56608,56627,56630,56640,
56641,56736,56739,56750,56751,56860,56952,57021,57105,57107,57214,57219,57242,57318,57401,
57480,57553,57637,57638,57779,57791,57892,57959,58024,58025,58028,58033,58036,58037,58045,
58047,58048,58055,58060,58062,58066,58079,58083,58090,58107,58111,58112,58118,58123,58136,
58138,58140,58143,58144,58149,58151,58152,58153,58154,58158,58160,58161,58163,58166,58169,
58170,58173,58178,58189,58213,58214,58215,58217,58224,58227,58231,58234,58236,58237,58239,
58240,58246,58290,58316,58320,58433,58435,58525,58574,58579,58585,58595,58695,58707,58708,
58734,58788,58820,58822,58835,58837,58838,58846,58848,58859,58872,58879,58883,58885,58889,
58891,58895,58896,58897,58898,58904,58909,58921,58926,58927,58935,58936,58938,58940,58941,
58947,59046,59638,59935,60029,60518,60519,60529,60533,60539,60554,60557,60561,60568,60575,
60590,60592,60596,60598,60601,60603,60611,60614,60619,60628,60632,60638,60642,60644,60658,
60660,60670,60678,60681,60683,60686,60700,60709,60714,60720,60729,60731,60749,60754,60777,
60779,60780,60783,60790,60805,60807,60815,60820,60821,60832,60844,60855,60856,60871,60906,
60911,60912,60914,60917,60920,60921,60948,60952,60955,60957,60960,60986,61010,61021,61029,
61030,61035,61043,61052,61065,61071,61089,61104,61114,61118,61119,61123,61126,61127,61128,
61137,61143,61151,61152,61174,61228,61237,61252,61261,61265,61269,61283,61284,61312,61361,
61363,61680,62044,62099,62146,62249,62309,62311,62312,62388,62412,62569,62581,62582,62584,
62714,62747,62753,63161,63241,63275,63277,63368,63375,63421,63455,63480,63481,63482,63702,
63828,63838,63845,63848,63855,63865,63869,63870,63873,63875,63876,63882,63890,63893,63894,
63909,63910,63913,63918,63919,63921,63924,63927,63932,63934,63936,63937,63938,63939,63944,
63948,63957,63958,63964,63965,63973,63974,63978,63980,64045,64047,64053,64216,64217,64221,
64222,64248,64261,64263,64306,64307,64311,64390,64410,64414,64436,64478,64482,64508,64532,
64535,64536,64545,64546,64547,64551,64553,64555,64556,64559,64575,64577,64582,64592,64595,
64608,64613,64615,64620,64624,64631,64658,64660,64671,64674,64675,65102,65167,65182,65841,
65845,65863,65868,65877,65881,65890,65899,65921,65925,65927,65929,65933,65934,65937,65947,
65956,65958,65969,65973,65983,65984,65985,66003,66007,66008,66015,66026,66027,66029,66033,
66046,66048,66068,66075,66102,66112,66116,66135,66150,66157,66169,66185,66202,66204,66208,
66209,66213,66226,66227,66229,66230,66232,66248,66252,66269,66272,66282,66289,66298,66300,
66310,66334,66342,66346,66363,66365,66369,66377,66386,66389,66392,66393,66410,66411,66420,
66426,66428,66430,66433,66443,66454,66467,66476,66480,66491,66508,66515,66518,66521,66527,
66532,66553,66560,66565,66569,66579,66586,66595,66600,66700,66898,66929,67047,67058,67113,
67116,67225,67234,67240,67243,67244,67250,67315,67418,67433,67523,67564,67672,67673,67675,
67679,67694,67695,67715,67753,67960,68114,68115,68119,68174,68175,68230,68312,68319,68418,
68525,68535,68641,68669,68814,68833,68834,68839,68841,68844,68848,68853,68857,68861,68862,
68863,68864,68877,68878,68879,68881,68884,68887,68888,68899,68900,68902,68905,68909,68910,
68916,68922,68934,68943,68944,69033,69057,69093,69153,69208,69304,69308,69327,69360,69364,
69371,69372,69439,69444,69461,69464,69473,69476,69486,69493,69495,69497,69499,69503,69509,
69511,69519,69525,69532,69572,69573,70196,70487,70490,70700,70703,70710,70715,70727,70745,
70746,70756,70770,70775,70785,70786,70788,70805,70806,70807,70813,70826,70834,70840,70846,
70868,70871,70881,70885,70906,70924,70931,70932,70957,70958,70965,70987,70989,70993,71012,
71014,71019,71020,71022,71026,71030,71035,71039,71042,71043,71051,71053,71061,71063,71077,
71080,71094,71096,71105,71106,71111,71114,71115,71125,71139,71157,71158,71165,71166,71178,
71187,71198,71203,71204,71207,71212,71217,71220,71229,71239,71242,71243,71244,71248,71252,
71273,71274,71277,71280,71281,71286,71288,71291,71294,71300,71306,71324,71372,71374,71557,
71784,71952,72024,72075,72084,72138,72141,72145,72158,72334,72340,72344,72351,72352,72395,
72397,72511,72514,72590,72854,72862,72939,72943,73072,73236,73241,73245,73256,73307,73315,
73316,73318,73322,73329,73330,73331,73334,73335,73346,73357,73359,73362,73364,73369,73373,
73387,73388,73389,73395,73629,73673,73678,73721,73744,73757,73771,73775,73793,73798,73804,
73805,73842,73850,73851,73856,73865,73866,73880,73881,73882,73888,73889,73891,73897,73908,
73911,73915,73918,73923,73926,73931,73932,73937,73942,73943,73947,73958,74514,74836,74840,
74843,74848,75076,75095,75110,75111,75119,75124,75134,75145,75157,75167,75169,75179,75201,
75219,75236,75249,75253,75255,75262,75271,75286,75290,75293,75298,75301,75312,75313,75314,
75333,75336,75346,75347,75355,75356,75361,75364,75376,75380,75384,75385,75390,75394,75395,
75407,75421,75422,75425,75426,75439,75446,75447,75469,75477,75479,75501,75513,75516,75518,
75519,75528,75532,75533,75545,75555,75557,75569,75571,75635,75824,75828,75914,75920,75993,
75997,75999,76148,76149,76162,76245,76262,76483,76622,76705,76788,76839,76887,77012,77092,
77189,77409,77411,77415,77422,77425,77429,77431,77438,77441,77445,77448,77453,77456,77462,
77470,77479,77481,77484,77496,77497,77500,77501,77505,77516,77526,77532,77536,77668,77698,
77724,77749,77772,77788,77851,77903,77904,77908,77910,77911,77912,77917,77924,77925,77926,
77940,77941,77946,77952,77953,77955,77956,77968,77969,77970,77976,77977,77980,77986,77990,
77994,77996,77997,78001,78004,78014,78346,78830,78840,78842,78855,78869,78876,78878,78884,
78898,78899,78908,78909,78912,78920,78923,78941,78955,78961,78968,78973,78976,78990,78996,
78997,79001,79002,79005,79022,79024,79025,79026,79031,79038,79051,79054,79060,79062,79066,
79072,79073,79085,79086,79089,79106,79111,79115,79127,79129,79153,79156,79162,79168,79174,
79175,79178,79187,79191,79204,79205,79214,79243,79244,79249,79277,79451,79566,79718,79720,
79740,79742,79791,79802,79803,79937,79938,79945,79955,79958,80184,80193,80238,80354,80450,
80506,80597,80675,80693,80736,80737,80742,80746,80748,80769,80772,80774,80775,80778,80782,
80785,80786,80799,80800,80802,80812,80875,80913,80928,80984,81034,81071,81088,81090,81094,
81101,81104,81105,81106,81107,81116,81117,81128,81132,81136,81138,81141,81907,81926,81929,
81945,81949,81955,81956,81981,81984,81996,82000,82009,82013,82014,82017,82024,82026,82028,
82038,82039,82040,82046,82048,82059,82069,82076,82081,82082,82093,82095,82099,82111,82122,
82125,82157,82158,82173,82175,82176,82177,82183,82184,82189,82199,82203,82209,82220,82225,
82230,82241,82243,82245,82255,82262,82273,82274,82275,82276,82283,82286,82289,82297,82300,
82377,82447,82480,82521,82522,82660,82679,82688,82859,82910,82920,82923,82926,82927,83077,
83078,83131,83144,83518,83526,83531,83532,83535,83546,83548,83553,83554,83556,83557,83559,
83566,83567,83568,83570,83575,83578,83594,83595,83598,83599,83607,83617,83618,83620,83625,
83628,83633,83641,83696,83788,83827,83836,83840,83844,83846,83851,83852,83853,83860,83863,
83864,83867,83868,84501,84502,84511,84522,84528,84539,84540,84548,84551,84552,84561,84569,
84572,84578,84579,84584,84588,84591,84629,84631,84643,84645,84663,84665,84672,84685,84692,
84693,84694,84707,84715,84718,84741,84764,84784,84793,84799,84808,84827,84841,84857,84877,
84932,84934,84962,84967,84976,84980,84981,85171,85176,85271,85272,85289,85291,85422,85597,
85644,85660,85699,85763,85764,85768,85801,85817,85855,85857,85862,85863,85866,85867,85876,
85879,85888,85890,85900,85905,85913,85915,85921,85925,85926,85933,85935,85936,86040,86093,
86129,86177,86215,86217,86219,86225,86228,86239,86240,86249,86253,86255,86260,86261,86262,
86265,86266,86270,86273,86275,86278,86280,86281,86284,86290,86291,86292,86293,86295,86302,
86309,86310,86312,86315,86795,86845,86875,86877,86879,86882,86884,86905,86918,86920,86928,
86934,86936,86938,86939,86940,86950,86965,86975,86979,86981,86988,86992,87004,87011,87015,
87032,87034,87046,87050,87056,87059,87061,87069,87070,87073,87076,87083,87090,87092,87102,
87108,87110,87111,87113,87114,87117,87128,87129,87136,87141,87142,87144,87254,87262,87361,
87367,87606,87648,87702,87712,87914,88152,88154,88158,88162,88165,88171,88187,88190,88194,
88200,88203,88204,88207,88208,88209,88210,88213,88214,88221,88222,88428,88431,88436,88437,
88439,88451,88453,88454,88460,88462,88466,88467,88469,88473,88788,88895,88901,88904,88911,
88912,88929,88943,88944,88947,88952,88953,88954,88955,88966,88969,88972,88981,88984,88988,
88991,88992,88994,88995,89000,89021,89028,89030,89036,89042,89072,89074,89078,89103,89105,
89107,89114,89234,89402,89427,89537,89544,89718,89767,89806,89830,89831,89833,89840,89843,
89845,89846,89852,89854,89862,89866,89868,89869,89877,89884,89887,89891,89894,89895,89988,
89995,90028,90031,90034,90039,90040,90052,90064,90070,90074,90075,90076,90077,90078,90497,
90507,90508,90510,90514,90524,90527,90529,90538,90541,90549,90561,90562,90564,90567,90574,
90576,90580,90581,90582,90592,90593,90595,90601,90606,90613,90624,90628,90631,90640,90645,
90656,90662,90664,90671,90672,90677,90687,90700,90704,90705,90707,90760,90822,90968,91037,
91042,91043,91045,91167,91341,91377,91397,91398,91399,91401,91402,91403,91404,91405,91406,
91409,91411,91413,91416,91419,91420,91421,91425,91426,91429,91431,91434,91438,91439,91440,
91442,91444,91445,91577,91585,91588,91614,91618,91621,91623,91632,91636,91637,91984,91993,
91998,92000,92001,92002,92004,92005,92013,92014,92015,92018,92019,92020,92026,92033,92037,
92042,92058,92062,92074,92076,92080,92086,92087,92088,92091,92093,92096,92097,92100,92110,
92112,92113,92119,92128,92142,92146,92161,92178,92182,92185,92192,92197,92199,92215,92221,
92223,92234,92237,92242,92257,92258,92259,92260,92261,92263,92267,92268,92269,92279,92281,
92285,92287,92288,92292,92294,92311,92323,92326,92328,92351,92463,92624,92935,92936,92945,
92946,92970,92971,92973,92974,92975,92977,92979,93076,93077,93078,93081,93082,93083,93368,
93373,93376,93379,93381,93383,93388,93397,93411,93419,93422,93435,93444,93447,93451,93454,
93456,93457,93458,93459,93462,93480,93614,93702,93703,93712,93811,93852,93854,93897,93912,
93962,94000,94006,94010,94013,94015,94033,94037,94040,94041,94042,94044,94048,94079,94086,
94088,94366,94394,94400,94409,94432,94434,94442,94458,94795,94847,94852,94853,94856,94859,
94865,94868,94871,94877,94878,94880,94885,94967,94968,94971,94972,94984,94986,94987,94990,
94991,94994,95241,95243,95246,95249,95252,95259,95260,95262,95274,95284,95299,95309,95621,
95642,95685,95697,95700,95717,95727,96021,96022,96035,96037,96038,96041,96046,96052,96055,
96057,96064,96065,96067,96079,96081,96082,96107,96118,96326,96330,96344,96348,96349,96352,
96356,96361,96365,96376,96410,96415,96418,96419,96422,96629,96632,96640,96647,96648,96651,
96663,96677,96684,96695,96752,96850,96888,96892,96898,96899,96902,96926,96927,96937,97093,
97095,97104,97116,97117,97126,97130,97131,97137,97142,97144,97151,97215,97339,97340,97342,
97349,97388,97506,97509,97512,97517,97518,97538,97555,97556,97559,97562,97566,97577,97579,
97712,97725,97726,97727,97729,97914,97918,97923,97927,97932,97941,98037,98038,98040,98054,
98056,98062,98088,98146,98406,98408,98415,98543,98629,98630,98849,98907,98908,98910,99090,
99466,99468,99498,99505,99506,99534,99535,99559,99560,99821,99823,100107,100125,100299,100309,
100454,100547,101193,101591,101615,101672,101887,102349,102351,102487,102800,102801,102840,
103196,103492,103497,103537,103735,103755,104043,104044,104049,104216,104233,104247,104635,
104677,104827,104866,104869,104901,105087,105124,105744,105746,105747,105825,106042,106044,
106430,106446,106676,106796,107952,108184,108222,108225,108230,108231,108235,108237,108429,
108431,109280,109358,109448,109940,110139,110517,110519,111250,111439,111576,111578,111659,
112413,112430,112431,112589,113245,113337,113341,113342,113351,113490,113493,114197,114368,
114429,115235,115669,115744,115750,115898,115901,115974,116338,116446,116912,116916,117485,
117560,118254,118261,119620,120023,120389,120458,121272,121661,121669,121696,122164,122173,
122364,122873,123463,126143,127290,127847,127849,128322,128646,131808,132220,132662,132914,
133564,133927,134588,134651,134942,134944,135390,135498,135626,136155,136538,138266,138990,
139523,139613,139867,140205,142248,143006,143314,144011,144014,144015,144047,144481,144723,
146387,146544,146545,147017,148242,148400,148867,149529,149680,149817,151871,151908,152330,
153008,153905,153910,155514,155790,156402,157899,157944,158389,158398,159650,159665,159761,
160272,160274,160619,161329,162080,162299,162537,162555,162579,162798,162927,163394,163416,
163715,163872,165482,165769,165823,165906,166408,167898,167911,168074,169219,169234,169280,
169299,169844,170531,170757,170804,170850,170927,171009,171220,171692,172002,172620,173021,
173033,173034,173598,173859,174253,174276,174369,174400,174466,174477,174660,174672,175046,
175051,175205,175838,175921,179164,179204,182682,187187,192286,195617,200396,202962,206573,
209949,211056,211367,211726,217526,227035,228749,237023,237903,237905,241841,278669,283023
END_

! ----------------------------------------------------------------
!
! Design Response: Stiffness_Measure
!
DRESP
  ID_NAME = Stiffness_Measure
  LIST = NO_LIST
  DEF_TYPE = SYSTEM
  EL_GROUP = ALL_ELEMENTS
  TYPE = ENERGY_STIFF_MEASURE
  GROUP_OPER = SUM
  LC_SEL = SUM 
  LC_SET = STATIC, ALL, ALL, MAX
END_

! ----------------------------------------------------------------
!
! Design Response: Mass_DResp_1
!
DRESP
  ID_NAME = Mass_DResp_1
  LIST = NO_LIST
  DEF_TYPE = SYSTEM
  EL_GROUP = ALL_ELEMENTS
  TYPE = WEIGHT
  GROUP_OPER = SUM
END_

! ----------------------------------------------------------------
!
!
! Design Area: Task1_DESIGN_AREA
!
DV_TOPO
  ID_NAME = Task1_DESIGN_AREA
  EL_GROUP = ALL_ELEMENTS
END_

! ----------------------------------------------------------------
!
! Objective Function: StiffnessEnergy_Obj_Func
!
OBJ_FUNC
  ID_NAME = StiffnessEnergy_Obj_Func
  DRESP = Stiffness_Measure, 1.0
  TARGET = MIN
END_

! ----------------------------------------------------------------
!
! Constraint: Mass_Constraint_1
!
CONSTRAINT
  ID_NAME = Mass_Constraint_1
  DRESP = Mass_DResp_1
  MAGNITUDE = REL
  LE_VALUE = 0.5
END_

! ----------------------------------------------------------------
!
! Geometric Restriction: Thickness_ManufacConstraint_2
!
DVCON_TOPO
  ID_NAME = Thickness_ManufacConstraint_2
  EL_GROUP = ALL_ELEMENTS
  CHECK_TYPE = MIN_MEMBER
  THICKNESS = 0.00273164
END_

! ----------------------------------------------------------------
!
! Geometric Restriction: Frozen_ManufacConstraint_3
!
DVCON_TOPO
  ID_NAME = Frozen_ManufacConstraint_3
  EL_GROUP = FROZEN_AREA_ELEMS_GRP_1
  CHECK_TYPE = FROZEN
END_

! ----------------------------------------------------------------
!
! CS_DEF: Datum_CSys_5
!
CS_DEF
  ID_NAME = Datum_CSys_5
  CS_TYPE = RECTANGULAR
  DEF_TYPE = LOCAL
  CS_REF = CS_0
  ORIGIN_123 = 0.046727, 0.000000, 0.000000
  ROTATION_321 = 0.000000, 90.000000, -0.000000
END_

! ----------------------------------------------------------------
!
! CS_DEF: Datum_CSys_6
!
CS_DEF
  ID_NAME = Datum_CSys_6
  CS_TYPE = RECTANGULAR
  DEF_TYPE = LOCAL
  CS_REF = CS_0
  ORIGIN_123 = 0.000000, 0.000000, 0.012000
  ROTATION_321 = 0.000000, -0.000000, 0.000000
END_

! ----------------------------------------------------------------
!
! Geometric Restriction: Symm_ManufacConstraint_4-1
!
LINK_TOPO
  ID_NAME = Symm_ManufacConstraint_4-1_LINK_
  TYPE = PLANE_SYM, AXIS_3
  CS = Datum_CSys_5 
  IGNORE_FROZEN = FALSE
END_

DVCON_TOPO
  ID_NAME = Symm_ManufacConstraint_4-1
  EL_GROUP = ALL_ELEMENTS
  CHECK_TYPE = LINK_TOPO
  CHECK_LINK = Symm_ManufacConstraint_4-1_LINK_
END_

! ----------------------------------------------------------------
!
! Geometric Restriction: Symm_ManufacConstraint_4-2
!
LINK_TOPO
  ID_NAME = Symm_ManufacConstraint_4-2_LINK_
  TYPE = PLANE_SYM, AXIS_3
  CS = Datum_CSys_6 
  IGNORE_FROZEN = FALSE
END_

DVCON_TOPO
  ID_NAME = Symm_ManufacConstraint_4-2
  EL_GROUP = ALL_ELEMENTS
  CHECK_TYPE = LINK_TOPO
  CHECK_LINK = Symm_ManufacConstraint_4-2_LINK_
END_

! ----------------------------------------------------------------
!
!
! Optimize: OPTIMIZE_1_TOPOLOGY_OPTIMIZATION_CONTROLLER 
!
OPTIMIZE
  ID_NAME = OPTIMIZE_1_TOPOLOGY_OPTIMIZATION_SENSITIVITY
  DV = Task1_DESIGN_AREA
  OBJ_FUNC = StiffnessEnergy_Obj_Func
  DVCON = Thickness_ManufacConstraint_2
  DVCON = Frozen_ManufacConstraint_3
  DVCON = Symm_ManufacConstraint_4-1
  DVCON = Symm_ManufacConstraint_4-2
  CONSTRAINT = Mass_Constraint_1
  STRATEGY = TOPO_SENSITIVITY
END_

OPT_PARAM
  ID_NAME = OPTIMIZE_1_TOPOLOGY_OPTIMIZATION_SENSITIVITY_OPT_PARAM_
  OPTIMIZE = OPTIMIZE_1_TOPOLOGY_OPTIMIZATION_SENSITIVITY
  DV_UPDATE_STRATEGY = CSA
  STABILIZATION = YES
  AUTO_FROZEN = BOTH
  AUTO_FROZEN_CON = BOTH
  STOP_CRITERION_LEVEL = BOTH
  STOP_CRITERION_OBJ = 0.001
  STOP_CRITERION_DENSITY = 0.005
END_

STOP
  ID_NAME = Task-1_GLOBAL_STOP_CONDITION_
  ITER_MAX = 75
END_

